1 743016.65 1039309.79
2 743012.78 1039309.38
3 743012.46 1039312.38
4 743016.33 1039312.79
1 742981.64 1039322.75
2 742982.52 1039323.87
3 742987.51 1039324.40
4 742988.60 1039323.51
5 742989.73 1039313.38
6 742982.79 1039312.58
7 742982.65 1039313.82
8 742976.49 1039313.11
9 742975.77 1039319.55
10 742981.93 1039320.25
1 742946.03 1039311.05
2 742949.40 1039310.41
3 742948.75 1039307.15
4 742945.39 1039307.84
1 742942.31 1039287.88
2 742939.85 1039288.61
3 742941.18 1039293.16
4 742943.61 1039292.46
1 742935.59 1039329.94
2 742935.91 1039329.97
3 742940.67 1039330.33
4 742941.40 1039322.04
5 742938.36 1039321.81
6 742938.38 1039321.00
7 742936.79 1039320.88
8 742936.82 1039320.53
9 742932.99 1039320.24
10 742931.32 1039320.11
11 742931.31 1039320.28
12 742929.69 1039320.16
13 742929.62 1039321.14
14 742926.62 1039320.91
15 742925.91 1039329.20
16 742931.19 1039329.60
17 742931.15 1039329.94
18 742932.14 1039330.43
19 742933.21 1039330.65
20 742934.31 1039330.59
21 742935.36 1039330.26
22 742935.42 1039329.93
23 742935.59 1039329.94
1 742975.21 1039275.81
2 742974.53 1039275.79
3 742972.49 1039275.74
4 742972.04 1039276.04
5 742971.91 1039276.59
7 742966.31 1039278.03
9 742967.60 1039283.16
10 742968.35 1039286.12
11 742968.92 1039288.39
12 742969.22 1039288.32
13 742969.61 1039289.9
14 742969.68 1039290.19
15 742970.00 1039291.46
18 742974.07 1039290.45
19 742974.31 1039291.37
20 742978.66 1039290.28
21 742978.42 1039289.36
22 742982.49 1039288.32
23 742981.68 1039285.16
24 742982.35 1039284.99
25 742980.86 1039279.15
26 742980.81 1039278.97
27 742980.38 1039279.08
28 742979.59 1039275.92
29 742975.51 1039276.97
1 742990.69 1039288.04
2 742990.29 1039288.57
3 742991.02 1039292.26
4 742992.92 1039293.43
16 743003.94 1039291.06
17 743002.86 1039285.78
18 743002.36 1039285.46
19 743002.58 1039284.98
20 743002.06 1039282.60
22 743001.98 1039281.66
23 743001.17 1039277.83
27 742993.25 1039279.47
28 742992.81 1039277.56
30 742988.30 1039278.54
32 742989.47 1039284.45
33 742990.05 1039284.80
1 742949.64 1039315.31
2 742948.80 1039322.22
3 742949.53 1039322.32
4 742952.43 1039322.58
5 742953.27 1039315.70
1 743010.93 1039289.66
2 743014.63 1039289.15
3 743014.93 1039291.17
4 743020.73 1039290.37
5 743020.44 1039288.36
6 743024.13 1039287.83
7 743022.08 1039273.91
8 743017.46 1039274.55
9 743017.13 1039272.59
9 743008.57 1039273.77
1 742949.92 1039300.10
2 742950.41 1039299.95
3 742949.80 1039297.96
4 742960.30 1039294.69
5 742960.63 1039295.77
6 742961.10 1039295.63
7 742958.54 1039287.28
8 742958.25 1039286.34
9 742958.14 1039285.98
10 742958.03 1039285.63
11 742957.92 1039285.28
12 742957.81 1039284.92
13 742957.70 1039284.57
14 742957.39 1039283.55
15 742957.27 1039283.16
16 742956.54 1039280.80
17 742956.53 1039280.75
18 742956.09 1039279.33
19 742948.76 1039281.57
20 742944.61 1039282.83
1 742947.08 1039317.91
2 742946.59 1039322.13
3 742948.09 1039322.29
4 742948.58 1039318.07
5 742947.08 1039317.91
1 742928.85 1039287.67
3 742928.53 1039286.47
5 742923.75 1039287.71
11 742925.23 1039293.09
13 742926.75 1039292.60
23 742928.46 1039298.62
28 742940.01 1039295.37
33 742937.19 1039285.32
1 742965.61 1039325.91
2 742952.28 1039324.88
3 742952.07 1039327.26
4 742952.05 1039327.56
5 742952.02 1039327.86
6 742951.86 1039329.79
7 742951.83 1039330.08
8 742951.81 1039330.38
9 742951.47 1039334.28
10 742955.6 1039334.59
11 742955.889 1039335.468
12 742956.449 1039336.203
13 742957.219 1039336.713
14 742958.115 1039336.942
15 742959.035 1039336.865
16 742959.88 1039336.49
17 742960.545 1039335.833
18 742960.95 1039334.99
19 742964.87 1039335.29
1 743001.84 1039322.30
2 743003.27 1039321.21
3 743004.13 1039322.31
4 743003.91 1039322.48
5 743005.24 1039324.19
6 743007.20 1039326.72
7 743010.25 1039324.34
8 743010.50 1039324.36
9 743010.53 1039324.11
10 743013.48 1039321.84
11 743011.26 1039318.9
12 743011.29 1039318.64
13 743011.01 1039318.6
14 743011.12 1039317.77
15 743011.39 1039317.8
16 743011.77 1039314.92
17 743008.33 1039314.47
18 743008.29 1039314.74
19 743007.46 1039314.63
20 743007.49 1039314.38
21 742998.07 1039313.14
22 742997.84 1039314.84
23 742998.12 1039314.87
24 742997.98 1039315.92
25 742997.70 1039315.88
26 742996.82 1039322.53
27 742999.46 1039322.90
28 743000.82 1039323.09
29 743001.08 1039322.89
30 743000.90 1039322.66
31 743001.66 1039322.07
1 743037.36 1039332.53
2 743036.61 1039329.08
3 743038.47 1039328.54
4 743050.85 1039324.49
5 743045.54 1039311.68
6 743033.17 1039315.67
7 743033.713 1039318.223
8 743020.74 1039319.11
9 743018.86 1039334.56
10 743022.95 1039334.25
11 743023.04 1039333.49
12 743036.153 1039332.612